$ 1 0.000005 10.20027730826997 50 5 43 5e-11
155 -16 -144 80 -144 0 0
155 -16 48 80 48 0 5
155 -16 320 80 320 0 5
207 208 -144 256 -144 4 A'
207 208 48 256 48 4 B'
207 208 320 256 320 4 C'
207 208 -176 256 -176 4 A
207 208 16 256 16 4 B
207 208 288 256 288 4 C
I 112 -144 176 -144 0 0.5 5
I 112 48 176 48 0 0.5 5
I 112 320 176 320 0 0.5 5
w 80 -144 112 -144 0
w 176 -144 208 -144 0
w 80 48 112 48 0
w 176 48 208 48 0
w 176 320 208 320 0
w 112 320 96 320 0
w 96 320 80 320 0
w 96 320 96 288 0
w 96 288 208 288 0
150 -336 -176 -240 -176 0 2 5 5
150 -224 -160 -128 -160 0 2 0 5
150 -224 -96 -128 -96 0 2 0 5
152 -112 -144 -32 -144 0 2 0 5
207 -368 -192 -416 -192 4 A'
207 -368 -160 -416 -160 4 B
207 -368 -128 -416 -128 4 C'
207 -272 -112 -336 -112 4 B'
207 -288 -80 -336 -80 4 C
w -368 -192 -336 -192 0
w -368 -160 -336 -160 0
w -368 -128 -224 -144 0
w -272 -112 -224 -112 0
w -288 -80 -224 -80 0
w -240 -176 -224 -176 0
w -128 -160 -112 -160 0
w -128 -96 -112 -128 0
w -32 -144 -16 -144 0
152 -144 48 -64 48 0 2 5 5
152 -256 64 -176 64 0 2 0 5
w -256 0 -144 32 0
w -176 64 -144 64 0
w -64 48 -16 48 0
150 -368 32 -288 32 0 2 0 5
150 -368 96 -288 96 0 2 0 5
150 -448 -16 -368 -16 0 2 5 5
150 -448 144 -368 144 0 2 0 5
R 192 -272 128 -272 1 2 10 2.5 2.5 0 0.5
R -48 -80 -96 -80 1 2 100 2.5 2.5 0 0.5
R -48 96 -96 96 1 2 100 2.5 2.5 0 0.5
R -48 368 -96 368 1 2 100 2.5 2.5 0 0.5
207 192 -272 256 -272 4 a
w -48 96 -16 80 0
w -48 368 -16 352 0
w -48 -80 -16 -112 0
207 -480 -32 -560 -32 4 A'
207 -480 0 -560 0 4 B
207 -480 48 -560 48 4 C'
207 -480 80 -560 80 4 a
207 -480 128 -560 128 4 A
207 -480 160 -560 160 4 B
w -480 -32 -448 -32 0
w -448 0 -480 0 0
w -480 48 -368 48 0
w -480 80 -368 80 0
w -480 128 -448 128 0
w -480 160 -448 160 0
w -368 144 -368 112 0
w -368 16 -368 -16 0
w -288 32 -256 48 0
w -288 96 -256 80 0
150 -112 320 -32 320 0 2 5 5
152 -224 336 -144 336 0 2 5 5
152 -320 352 -240 352 0 2 5 5
207 -160 192 -240 192 4 a
150 -432 304 -352 304 0 2 5 5
150 -432 368 -352 368 0 2 0 5
w -160 192 -112 304 0
w -32 320 -16 320 0
w -112 336 -144 336 0
w -224 352 -240 352 0
w -352 304 -320 336 0
w -352 368 -320 368 0
207 -336 240 -400 240 4 A
w -336 240 -224 320 0
207 -496 288 -560 288 4 B
207 -496 320 -560 320 4 C
207 -496 352 -560 352 4 B'
207 -496 384 -560 384 4 C'
w -496 288 -432 288 0
w -432 320 -496 320 0
w -496 352 -432 352 0
w -432 384 -496 384 0
162 672 -272 768 -272 2 1N4004 0 1 0 0.01
162 672 -208 768 -208 2 default-led 1 1 0 0.01
162 672 -144 768 -144 2 default-led 1 0 0 0.01
162 672 -16 768 -16 2 default-led 0 1 0 0.01
162 672 48 768 48 2 default-led 1 1 0 0.01
162 672 112 768 112 2 default-led 1 0 0 0.01
150 544 -272 624 -272 0 2 0 5
150 544 -208 624 -208 0 2 0 5
150 544 -48 624 -48 0 2 5 5
150 448 32 528 32 0 2 5 5
150 544 48 624 48 0 2 0 5
152 544 112 624 112 0 2 0 5
207 512 -288 464 -288 4 B'
207 512 -256 464 -256 4 C'
207 512 -224 464 -224 4 B'
207 512 -192 464 -192 4 C
207 512 -144 464 -144 4 B
207 512 -64 464 -64 4 B
207 512 -32 464 -32 4 C
207 416 16 368 16 4 A'
207 432 48 368 48 4 B
207 416 80 368 80 4 C'
207 480 112 416 112 4 B'
207 480 144 416 144 4 A
w 512 -288 544 -288 0
w 512 -256 544 -256 0
w 512 -224 544 -224 0
w 512 -192 544 -192 0
w 512 -144 672 -144 0
w 544 -64 512 -64 0
w 512 -32 544 -32 0
w 624 -48 672 -16 0
w 416 16 448 16 0
w 432 48 448 48 0
w 416 80 544 64 0
w 528 32 544 32 0
w 480 112 544 96 0
w 480 144 544 128 0
w 624 48 672 48 0
w 624 112 672 112 0
w 624 -208 672 -208 0
w 624 -272 672 -272 0
g 944 -192 1024 -192 0 0
207 -288 -32 -224 -32 4 C
w -288 -32 -256 0 0
w 112 48 112 16 0
w 112 16 208 16 0
w 112 -144 112 -160 0
w 208 -176 112 -176 0
w 112 -160 112 -176 0
w 768 112 768 48 0
w 768 48 768 -16 0
w 768 -272 768 -208 0
w 768 -208 768 -144 0
w 768 -16 768 -144 0
w 768 -144 944 -192 0
